1 飞机 0.932 (2256.7,1182.3) (2283.3,1212.9)
2 飞机 0.999 (535.5,405.9) (604.6,470.6)
3 飞机 0.966 (457.4,764.7) (524.2,836.3)
4 飞机 0.957 (408.9,641.8) (484.6,715.1)
5 飞机 0.929 (1531.1,1089.5) (1587.9,1132.1)
6 飞机 0.909 (452.4,532.9) (516.3,604.6)
7 飞机 0.886 (959.0,930.4) (1037.4,997.0)
8 飞机 0.731 (277.6,334.6) (339.7,388.6)
9 飞机 0.723 (1126.1,652.5) (1192.3,696.0)
10 飞机 0.704 (255.2,695.2) (329.6,754.3)
11 飞机 0.691 (427.1,620.1) (478.1,674.7)
12 飞机 0.686 (299.6,192.3) (362.4,245.8)
13 飞机 0.649 (1077.6,521.9) (1132.4,577.9)
14 飞机 0.645 (359.6,193.3) (412.0,246.0)
15 飞机 0.629 (383.2,423.0) (447.9,495.6)
16 飞机 0.956 (2472.6,278.9) (2523.2,320.9)
17 飞机 0.816 (2474.8,302.6) (2519.9,343.3)
18 飞机 0.997 (262.2,1248.2) (296.4,1279.5)
19 飞机 0.963 (198.7,1355.3) (235.7,1391.9)
20 飞机 0.912 (472.9,1501.9) (505.3,1534.5)
21 飞机 0.863 (522.6,1293.4) (550.5,1322.7)
22 飞机 0.83 (231.3,1423.5) (258.5,1446.9)
23 飞机 0.759 (247.6,1124.7) (277.6,1153.9)
24 飞机 0.743 (223.7,1303.1) (255.3,1336.7)
25 飞机 0.727 (139.0,1210.0) (169.7,1232.5)
26 飞机 0.699 (546.6,1364.5) (578.0,1384.9)
27 飞机 0.677 (187.6,1254.8) (221.0,1290.9)
28 飞机 0.667 (121.0,1381.0) (159.4,1412.1)
29 飞机 0.662 (466.8,1492.6) (499.3,1517.1)
30 飞机 0.639 (159.2,1152.6) (182.8,1180.9)
31 飞机 0.623 (746.1,1573.1) (772.5,1596.1)
32 飞机 0.623 (544.1,1343.3) (577.3,1373.8)
33 桥梁 0.99 (744.7,1117.9) (801.7,1192.7)
34 桥梁 0.964 (1419.7,1760.2) (1509.9,1817.3)
35 桥梁 0.9 (906.5,1266.4) (989.3,1326.3)
36 桥梁 0.996 (2086.9,2082.7) (2186.8,2176.3)
37 桥梁 0.939 (2254.4,2219.0) (2346.2,2294.7)
38 桥梁 0.994 (2067.9,3111.9) (2114.4,3159.5)
39 桥梁 0.839 (2147.4,3179.5) (2189.2,3219.4)
40 操场 0.607 (1165.0,2858.3) (1345.1,2959.7)
41 操场 0.823 (2274.6,1620.4) (2351.3,1689.5)
42 操场 0.998 (2530.5,3542.6) (2708.0,3714.5)
43 操场 0.997 (2219.6,2878.0) (2374.5,3038.2)
44 操场 0.997 (2500.7,1172.6) (2687.0,1320.9)
45 操场 0.997 (2279.3,3826.4) (2371.5,3908.8)
46 操场 0.64 (2134.3,3505.3) (2213.3,3569.7)
