/home/liyuewen/data_zoom/5th/5th_resize_2_2_ppm/5th_Result_12_2_00_01.ppm 470,175,620,369,2 374,167,442,321,2 121,165,268,248,2 19,0,117,123,2 560,279,810,437,2 602,399,726,485,2 758,477,1030,627,2 800,597,950,689,2 934,699,1086,793,2 980,747,1106,819,2 1200,631,1310,695,2 1282,1019,1412,1091,2 1450,919,1570,991,2 1310,1075,1424,1151,2 1390,1209,1514,1285,2 1526,1083,1716,1203,2 1470,1369,1674,1485,2 1516,1401,1744,1535,2 1662,1597,1824,1691,2 1852,1475,2034,1579,2 1842,1445,2000,1537,2 1736,1881,1888,1899,2 1796,2013,1896,2037,2 1906,2015,2046,2047,2 1098,751,1492,977,2 1424,1241,1568,1345,2 1642,1127,1750,1195,2 1804,0,1925,119,2 1184,97,1298,153,2 
/home/liyuewen/data_zoom/5th/5th_resize_2_2_ppm/5th_Result_116_3_01_01.ppm 64,1223,144,1425,5 1146,665,1236,719,5 
/home/liyuewen/data_zoom/5th/5th_resize_2_2_ppm/5th_Result_2_2_00_01.ppm 1143,391,1184,431,0 
/home/liyuewen/data_zoom/5th/5th_resize_2_2_ppm/5th_Result_120_3_01_01.ppm 108,293,188,493,5 428,1,510,143,5 502,917,590,1103,5 1138,765,1178,871,5 1368,339,1442,417,5 1746,871,1842,945,5 1508,1079,1572,1181,5 1126,1215,1206,1295,5 762,1275,832,1355,5 1050,1619,1154,1671,5 824,1645,908,1719,5 726,1733,796,1783,5 670,1965,788,2045,5 1794,1385,1880,1429,5 
/home/liyuewen/data_zoom/5th/5th_resize_2_2_ppm/5th_Result_244_2_00_01.ppm 640,513,768,669,5 
/home/liyuewen/data_zoom/5th/5th_resize_2_2_ppm/5th_Result_52_1_01_00.ppm 1524,641,1614,739,2 600,1491,666,1569,2 
/home/liyuewen/data_zoom/5th/5th_resize_2_2_ppm/5th_Result_185_2_00_01.ppm 408,1411,674,1799,2 53,560,123,602,2 
/home/liyuewen/data_zoom/5th/5th_resize_2_2_ppm/5th_Result_124_0_00_00.ppm 204,767,296,849,1 392,717,492,805,1 400,821,502,903,1 272,843,350,923,1 226,985,316,1069,1 326,979,400,1059,1 306,1163,402,1233,1 306,1259,406,1341,1 
/home/liyuewen/data_zoom/5th/5th_resize_2_2_ppm/5th_Result_39_1_01_00.ppm 1808,675,2034,849,4 1498,51,1590,113,4 
/home/liyuewen/data_zoom/5th/5th_resize_2_2_ppm/5th_Result_110_3_01_01.ppm 1956,498,2042,568,5 1861,596,2013,665,5 1816,304,1918,391,5 1914,279,1952,303,5 1950,230,2010,280,5 
/home/liyuewen/data_zoom/5th/5th_resize_2_2_ppm/5th_Result_156_3_01_01.ppm 1290,195,1317,219,1 1315,170,1343,195,1 1224,167,1247,190,1 1239,151,1268,171,1 
/home/liyuewen/data_zoom/5th/5th_resize_2_2_ppm/5th_Result_73_2_00_01.ppm 1870,219,2018,453,4 1804,0,2043,207,4 
/home/liyuewen/data_zoom/5th/5th_resize_2_2_ppm/5th_Result_205_3_01_01.ppm 20,0,945,451,2 
/home/liyuewen/data_zoom/5th/5th_resize_2_2_ppm/5th_Result_71_2_00_01.ppm 1550,365,1626,475,5 1360,935,1458,1055,5 864,981,926,1045,5 324,1333,428,1443,5 
/home/liyuewen/data_zoom/5th/5th_resize_2_2_ppm/5th_Result_32_0_00_00.ppm 490,859,854,937,5 504,779,900,871,5 626,1119,814,1363,5 762,1079,894,1183,5 842,1331,978,1391,5 1312,1445,1470,1609,5 1442,1491,1636,1771,5 1560,1605,1794,1815,5 606,423,702,467,5 514,455,880,601,5 510,661,862,741,5 1986,1853,2038,1925,5 
/home/liyuewen/data_zoom/5th/5th_resize_2_2_ppm/5th_Result_196_3_01_01.ppm 1517,644,1632,684,5 
/home/liyuewen/data_zoom/5th/5th_resize_2_2_ppm/5th_Result_157_2_00_01.ppm 660,693,744,733,5 
/home/liyuewen/data_zoom/5th/5th_resize_2_2_ppm/5th_Result_206_3_01_01.ppm 874,429,996,463,5 1638,45,1750,83,5 1370,683,1502,731,5 326,681,448,719,5 478,193,612,237,5 
/home/liyuewen/data_zoom/5th/5th_resize_2_2_ppm/5th_Result_156_1_01_00.ppm 778,627,920,735,2 272,119,332,151,2 166,269,250,333,2 
/home/liyuewen/data_zoom/5th/5th_resize_2_2_ppm/5th_Result_61_0_00_00.ppm 1412,1791,1492,1887,5 
/home/liyuewen/data_zoom/5th/5th_resize_2_2_ppm/5th_Result_97_2_00_01.ppm 1443,140,1484,194,2 1600,166,1623,229,2 78,1189,138,1265,2 
/home/liyuewen/data_zoom/5th/5th_resize_2_2_ppm/5th_Result_61_2_00_01.ppm 1026,1175,1112,1219,5 
/home/liyuewen/data_zoom/5th/5th_resize_2_2_ppm/5th_Result_12_3_01_01.ppm 732,891,866,1043,3 
/home/liyuewen/data_zoom/5th/5th_resize_2_2_ppm/5th_Result_38_3_01_01.ppm 745,229,796,318,4 928,172,1023,279,4 1136,126,1175,222,4 1577,3,1636,100,4 331,118,464,293,4 469,76,659,246,4 
/home/liyuewen/data_zoom/5th/5th_resize_2_2_ppm/5th_Result_169_3_01_01.ppm 849,418,1050,450,5 
/home/liyuewen/data_zoom/5th/5th_resize_2_2_ppm/5th_Result_165_1_01_00.ppm 1229,1072,1282,1134,5 1503,295,1560,320,5 
/home/liyuewen/data_zoom/5th/5th_resize_2_2_ppm/5th_Result_60_1_01_00.ppm 127,526,268,663,5 587,122,709,246,5 
/home/liyuewen/data_zoom/5th/5th_resize_2_2_ppm/5th_Result_31_0_00_00.ppm 292,269,436,387,4 
/home/liyuewen/data_zoom/5th/5th_resize_2_2_ppm/5th_Result_200_2_00_01.ppm 1008,1902,1051,1967,4 1826,917,2042,1097,4 
/home/liyuewen/data_zoom/5th/5th_resize_2_2_ppm/5th_Result_227_0_00_00.ppm 1314,1351,1386,1409,1 1502,1467,1666,1619,1 1702,1419,1906,1491,1 1600,1667,1708,1765,1 772,1467,896,1639,1 147,1338,204,1380,1 178,1287,231,1336,1 230,1306,287,1353,1 41,568,104,609,1 
/home/liyuewen/data_zoom/5th/5th_resize_2_2_ppm/5th_Result_26_1_01_00.ppm 266,1769,398,1887,5 8,35,832,695,5 1357,267,1461,409,5 1389,298,1502,438,5 1315,206,1409,329,5 1155,167,1278,312,5 1813,376,1868,531,5 1738,341,1773,428,5 
/home/liyuewen/data_zoom/5th/5th_resize_2_2_ppm/5th_Result_188_0_00_00.ppm 754,1770,798,2047,2 1663,1040,1788,1101,2 1066,548,1153,656,2 1403,355,1518,418,2 1459,1806,1644,1868,2 336,522,361,572,2 
/home/liyuewen/data_zoom/5th/5th_resize_2_2_ppm/5th_Result_68_0_00_00.ppm 441,497,525,671,4 586,319,656,454,4 896,1588,1028,1903,4 
/home/liyuewen/data_zoom/5th/5th_resize_2_2_ppm/5th_Result_227_3_01_01.ppm 562,834,598,867,4 442,843,477,870,4 475,820,509,851,4 
/home/liyuewen/data_zoom/5th/5th_resize_2_2_ppm/5th_Result_17_1_01_00.ppm 530,825,734,1063,4 708,989,816,1065,4 774,589,834,851,4 286,751,362,791,4 232,291,506,339,4 574,243,746,321,4 
/home/liyuewen/data_zoom/5th/5th_resize_2_2_ppm/5th_Result_232_3_01_01.ppm 176,595,224,697,5 
/home/liyuewen/data_zoom/5th/5th_resize_2_2_ppm/5th_Result_120_1_01_00.ppm 882,1463,984,1661,5 1244,1587,1332,1715,5 1574,1225,1638,1311,5 1504,1977,1548,2039,5 
/home/liyuewen/data_zoom/5th/5th_resize_2_2_ppm/5th_Result_69_0_00_00.ppm 124,1199,224,1263,5 
/home/liyuewen/data_zoom/5th/5th_resize_2_2_ppm/5th_Result_108_2_00_01.ppm 376,7,462,77,5 
/home/liyuewen/data_zoom/5th/5th_resize_2_2_ppm/5th_Result_159_0_00_00.ppm 754,1241,1140,1311,4 682,309,760,361,4 1711,997,1755,1038,4 1852,1224,1925,1292,4 1928,1195,2028,1271,4 1387,1261,1517,1361,4 
/home/liyuewen/data_zoom/5th/5th_resize_2_2_ppm/5th_Result_138_1_01_00.ppm 268,347,796,653,4 936,521,1130,639,4 962,783,1318,975,4 
/home/liyuewen/data_zoom/5th/5th_resize_2_2_ppm/5th_Result_38_1_01_00.ppm 1834,1337,1970,1511,3 
/home/liyuewen/data_zoom/5th/5th_resize_2_2_ppm/5th_Result_68_3_01_01.ppm 762,1101,890,1263,5 200,589,254,659,5 388,1391,424,1463,5 126,1249,180,1317,5 12,1053,72,1125,5 94,109,150,175,5 36,1499,84,1561,5 290,1579,328,1643,5 
/home/liyuewen/data_zoom/5th/5th_resize_2_2_ppm/5th_Result_138_3_01_01.ppm 1300,1385,1378,1421,0 566,581,626,647,0 
/home/liyuewen/data_zoom/5th/5th_resize_2_2_ppm/5th_Result_120_0_00_00.ppm 1232,791,1298,887,5 1332,1311,1384,1435,5 1426,1871,1480,2015,5 642,1475,686,1521,5 840,1415,886,1463,5 994,1179,1042,1253,5 
/home/liyuewen/data_zoom/5th/5th_resize_2_2_ppm/5th_Result_69_1_01_00.ppm 1512,919,1606,1015,3 
/home/liyuewen/data_zoom/5th/5th_resize_2_2_ppm/5th_Result_93_3_01_01.ppm 1637,268,1711,314,0 1513,205,1589,266,0 1376,169,1438,226,0 1236,173,1293,224,0 1292,143,1319,177,0 1320,142,1340,176,0 1257,143,1279,171,0 1228,144,1257,174,0 1198,144,1231,175,0 1160,148,1189,175,0 1058,146,1096,181,0 1138,148,1160,173,0 952,118,979,137,0 886,156,913,182,0 916,156,935,184,0 984,156,1004,176,0 400,280,439,318,0 377,315,413,348,0 
/home/liyuewen/data_zoom/5th/5th_resize_2_2_ppm/5th_Result_9_2_00_01.ppm 1816,0,1966,117,4 1854,117,2044,249,4 
/home/liyuewen/data_zoom/5th/5th_resize_2_2_ppm/5th_Result_13_0_00_00.ppm 619,0,663,50,2 142,82,221,191,2 0,140,63,222,2 
/home/liyuewen/data_zoom/5th/5th_resize_2_2_ppm/5th_Result_116_0_00_00.ppm 644,1341,692,1463,5 1806,1465,1840,1539,5 1480,1267,1522,1323,5 366,1613,546,2047,5 884,1905,916,1973,5 1130,1879,1174,1973,5 1136,1705,1188,1783,5 1708,1733,1756,1831,5 2000,1523,2034,1619,5 1734,787,1768,861,5 1890,943,1936,1015,5 844,461,874,515,5 534,117,566,167,5 
/home/liyuewen/data_zoom/5th/5th_resize_2_2_ppm/5th_Result_87_3_01_01.ppm 1332,1766,1414,1806,2 
/home/liyuewen/data_zoom/5th/5th_resize_2_2_ppm/5th_Result_59_3_01_01.ppm 1382,1069,1476,1161,1 1350,917,1430,1005,1 1610,931,1656,969,1 1607,991,1658,1037,1 1474,1384,1510,1421,1 1465,1437,1501,1471,1 1307,1505,1341,1538,1 1347,1507,1382,1533,1 1384,1504,1417,1535,1 1389,1377,1421,1406,1 1346,1343,1376,1371,1 1384,1343,1411,1368,1 1354,1379,1381,1404,1 1301,1061,1358,1110,1 1374,778,1434,831,1 1362,681,1429,737,1 1294,691,1350,741,1 1443,675,1504,734,1 1597,631,1666,705,1 1672,546,1746,614,1 1456,574,1507,629,1 1380,571,1440,635,1 1300,581,1357,632,1 1056,228,1094,261,1 1096,229,1133,260,1 1112,282,1158,322,1 1157,285,1195,317,1 1295,490,1341,529,1 1377,484,1424,529,1 
/home/liyuewen/data_zoom/5th/5th_resize_2_2_ppm/5th_Result_250_3_01_01.ppm 1280,395,1458,679,5 
/home/liyuewen/data_zoom/5th/5th_resize_2_2_ppm/5th_Result_71_1_01_00.ppm 1082,1867,1198,2043,5 1726,1697,1816,1861,5 
/home/liyuewen/data_zoom/5th/5th_resize_2_2_ppm/5th_Result_32_2_00_01.ppm 1764,1461,2047,1647,3 18,989,148,1133,3 
/home/liyuewen/data_zoom/5th/5th_resize_2_2_ppm/5th_Result_161_1_01_00.ppm 972,667,1144,779,2 760,1119,1156,1361,2 926,1923,1296,1973,2 
/home/liyuewen/data_zoom/5th/5th_resize_2_2_ppm/5th_Result_226_1_01_00.ppm 620,87,676,177,5 1340,907,1418,1007,5 758,1325,794,1419,5 
/home/liyuewen/data_zoom/5th/5th_resize_2_2_ppm/5th_Result_202_0_00_00.ppm 558,443,650,515,5 1234,499,1316,557,5 1084,377,1174,443,5 
/home/liyuewen/data_zoom/5th/5th_resize_2_2_ppm/5th_Result_66_3_01_01.ppm 1830,633,1976,815,3 
/home/liyuewen/data_zoom/5th/5th_resize_2_2_ppm/5th_Result_59_2_00_01.ppm 492,747,531,784,1 642,745,685,792,1 584,754,628,798,1 629,706,663,740,1 590,697,619,734,1 592,650,626,682,1 634,656,670,688,1 551,649,586,678,1 210,845,241,872,1 152,996,179,1023,1 246,854,275,880,1 112,1041,143,1069,1 240,666,275,693,1 269,643,301,670,1 282,609,310,639,1 233,493,259,519,1 223,529,249,552,1 292,820,323,846,1 255,822,279,840,1 
/home/liyuewen/data_zoom/5th/5th_resize_2_2_ppm/5th_Result_70_0_00_00.ppm 679,246,796,383,1 723,316,834,443,1 642,240,850,476,1 1519,842,1545,865,1 1543,814,1567,837,1 
/home/liyuewen/data_zoom/5th/5th_resize_2_2_ppm/5th_Result_33_1_01_00.ppm 1572,1759,1658,1933,4 274,7,442,113,4 738,1705,868,1821,4 
/home/liyuewen/data_zoom/5th/5th_resize_2_2_ppm/5th_Result_10_3_01_01.ppm 796,411,846,469,0 
/home/liyuewen/data_zoom/5th/5th_resize_2_2_ppm/5th_Result_102_3_01_01.ppm 528,1089,600,1137,5 
/home/liyuewen/data_zoom/5th/5th_resize_2_2_ppm/5th_Result_231_0_00_00.ppm 338,1249,560,1355,5 
/home/liyuewen/data_zoom/5th/5th_resize_2_2_ppm/5th_Result_29_1_01_00.ppm 37,887,74,919,1 42,928,85,968,1 55,969,99,1009,1 143,903,188,942,1 155,945,205,984,1 172,989,219,1026,1 0,1078,32,1110,1 603,761,634,786,1 
/home/liyuewen/data_zoom/5th/5th_resize_2_2_ppm/5th_Result_2_1_01_00.ppm 170,1440,203,1476,2 231,1340,266,1369,2 331,1312,378,1347,2 320,1271,363,1308,2 311,1230,350,1262,2 218,1298,260,1331,2 1028,937,1073,963,2 1785,931,1935,951,2 
/home/liyuewen/data_zoom/5th/5th_resize_2_2_ppm/5th_Result_8_0_00_00.ppm 968,585,1036,661,3 12,1087,364,1285,3 1444,1459,1610,1575,3 
/home/liyuewen/data_zoom/5th/5th_resize_2_2_ppm/5th_Result_59_1_01_00.ppm 1865,1200,1907,1243,1 1788,1204,1829,1244,1 1793,1252,1833,1286,1 1865,1249,1908,1287,1 1950,1204,1986,1237,1 1803,1324,1836,1367,1 1865,1325,1902,1364,1 1801,1380,1840,1422,1 1863,1379,1903,1417,1 998,1024,1040,1062,1 1072,1026,1114,1063,1 1006,1066,1041,1109,1 1082,1066,1116,1102,1 1004,1110,1049,1150,1 1083,1108,1123,1148,1 1002,1174,1041,1212,1 1071,1171,1116,1213,1 1003,1226,1052,1271,1 1068,1221,1124,1264,1 1006,1273,1053,1315,1 1073,1268,1120,1310,1 990,1357,1035,1395,1 1038,1357,1076,1387,1 1081,1353,1121,1390,1 1151,1168,1195,1205,1 1153,1210,1195,1247,1 1241,1171,1278,1208,1 1239,1208,1288,1258,1 1241,1260,1292,1301,1 1385,1248,1432,1295,1 1371,1205,1408,1241,1 1324,1406,1376,1456,1 1299,1349,1341,1385,1 1250,1412,1299,1456,1 1397,1405,1438,1452,1 1394,1347,1436,1382,1 1353,1346,1387,1382,1 1250,1507,1295,1554,1 1356,1499,1405,1545,1 1358,1555,1404,1603,1 1414,1559,1445,1595,1 1050,1913,1086,1951,1 1053,1857,1088,1898,1 1091,1855,1136,1895,1 1093,1912,1133,1950,1 1138,1907,1175,1947,1 
/home/liyuewen/data_zoom/5th/5th_resize_2_2_ppm/5th_Result_10_2_00_01.ppm 866,1501,952,1871,4 50,839,238,983,4 0,1029,116,1347,4 516,1461,562,1531,4 278,222,425,280,4 805,54,900,131,4 267,19,601,221,4 185,222,267,313,4 140,282,184,377,4 
/home/liyuewen/data_zoom/5th/5th_resize_2_2_ppm/5th_Result_242_2_00_01.ppm 520,637,592,835,5 
/home/liyuewen/data_zoom/5th/5th_resize_2_2_ppm/5th_Result_13_2_00_01.ppm 154,1119,282,1205,1 202,933,424,1167,1 96,807,332,929,1 0,663,264,821,1 1686,1093,1810,1183,1 
/home/liyuewen/data_zoom/5th/5th_resize_2_2_ppm/5th_Result_228_2_00_01.ppm 1664,1373,1810,1513,4 1844,1257,2004,1375,4 
/home/liyuewen/data_zoom/5th/5th_resize_2_2_ppm/5th_Result_33_3_01_01.ppm 114,957,414,1119,0 410,921,688,1095,0 698,901,774,1077,0 800,901,866,1053,0 872,883,938,1061,0 928,889,984,1051,0 976,881,1024,1041,0 1024,887,1216,1037,0 1228,883,1458,1035,0 1470,885,1554,1043,0 1558,879,1622,1033,0 1496,769,1658,881,0 1104,793,1260,851,0 1108,1667,1182,1713,0 1038,163,1082,200,0 1113,112,1143,152,0 1187,131,1237,173,0 1193,183,1241,208,0 1176,258,1226,295,0 1195,346,1236,390,0 1554,259,1581,295,0 1478,256,1520,286,0 1931,271,1965,311,0 
/home/liyuewen/data_zoom/5th/5th_resize_2_2_ppm/5th_Result_38_0_00_00.ppm 1058,1039,1351,1099,5 1374,1095,1544,1126,5 1368,1028,1536,1071,5 1051,884,1351,943,5 1276,796,1516,853,5 1436,868,1514,895,5 1482,1492,1603,1548,5 751,871,801,930,5 1033,673,1226,723,5 1000,583,1543,691,5 1233,433,1448,473,5 1133,423,1229,467,5 1084,294,1237,325,5 1248,298,1329,317,5 1010,13,1161,109,5 
/home/liyuewen/data_zoom/5th/5th_resize_2_2_ppm/5th_Result_160_1_01_00.ppm 399,1068,467,1219,2 441,1102,557,1391,2 76,1461,122,1623,2 
/home/liyuewen/data_zoom/5th/5th_resize_2_2_ppm/5th_Result_241_0_00_00.ppm 1984,1511,2047,1605,5 
/home/liyuewen/data_zoom/5th/5th_resize_2_2_ppm/5th_Result_94_3_01_01.ppm 1840,1745,2045,1826,2 1830,1888,2031,1970,2 
/home/liyuewen/data_zoom/5th/5th_resize_2_2_ppm/5th_Result_154_1_01_00.ppm 1573,1639,1700,1665,4 1369,1673,1530,1705,4 1720,1624,1806,1651,4 1820,1618,1910,1662,4 
/home/liyuewen/data_zoom/5th/5th_resize_2_2_ppm/5th_Result_90_3_01_01.ppm 1852,439,2047,513,2 
/home/liyuewen/data_zoom/5th/5th_resize_2_2_ppm/5th_Result_234_1_01_00.ppm 104,1165,262,1351,5 1066,1263,1144,1421,5 1076,1583,1154,1681,5 
/home/liyuewen/data_zoom/5th/5th_resize_2_2_ppm/5th_Result_106_2_00_01.ppm 124,1031,171,1073,1 57,1038,111,1080,1 114,937,151,968,1 109,989,147,1022,1 66,985,104,1015,1 74,928,106,966,1 28,932,68,964,1 27,1001,52,1029,1 
/home/liyuewen/data_zoom/5th/5th_resize_2_2_ppm/5th_Result_106_3_01_01.ppm 786,1060,846,1110,1 856,1051,921,1112,1 946,1053,995,1102,1 832,1200,916,1277,1 856,954,921,1006,1 773,961,845,1014,1 927,947,991,1005,1 940,850,1000,898,1 868,851,926,909,1 785,851,846,907,1 941,749,989,792,1 862,755,912,797,1 781,760,833,801,1 942,794,961,814,1 1091,1203,1147,1245,1 1092,1263,1153,1309,1 881,1346,957,1431,1 788,1334,843,1391,1 1395,267,1450,317,1 1398,350,1459,402,1 1398,435,1458,483,1 1986,65,2047,145,1 1990,233,2047,318,1 375,782,405,811,1 
/home/liyuewen/data_zoom/5th/5th_resize_2_2_ppm/5th_Result_49_1_01_00.ppm 996,457,1074,515,0 1102,481,1152,543,0 1354,603,1406,655,0 1776,917,1842,989,0 1880,1141,1932,1205,0 1930,1193,1978,1259,0 1446,1845,1520,1907,0 1480,1771,1526,1827,0 1530,1769,1598,1831,0 1612,1771,1676,1825,0 1752,1807,1828,1865,0 1880,1857,1946,1921,0 1290,1751,1320,1790,0 1127,1762,1151,1788,0 1531,1744,1562,1776,0 1231,1298,1264,1334,0 997,1279,1038,1309,0 978,1311,1011,1339,0 920,1271,959,1298,0 801,1420,842,1454,0 624,1425,672,1456,0 631,1298,668,1339,0 513,1295,554,1334,0 773,1302,804,1339,0 791,1258,828,1294,0 816,1227,849,1256,0 806,1337,841,1370,0 
/home/liyuewen/data_zoom/5th/5th_resize_2_2_ppm/5th_Result_37_1_01_00.ppm 1326,1951,1416,2021,3 1288,1217,1426,1403,3 
/home/liyuewen/data_zoom/5th/5th_resize_2_2_ppm/5th_Result_63_2_00_01.ppm 120,422,280,537,4 22,479,121,542,4 
/home/liyuewen/data_zoom/5th/5th_resize_2_2_ppm/5th_Result_118_3_01_01.ppm 1247,925,1292,969,1 1406,969,1436,1005,1 1441,991,1468,1017,1 1378,1013,1399,1037,1 1381,950,1403,975,1 1357,936,1377,958,1 1339,957,1367,983,1 1322,979,1349,1010,1 1281,870,1328,914,1 1318,816,1363,860,1 1055,887,1084,916,1 1076,855,1106,881,1 982,851,1013,878,1 1016,869,1047,896,1 1041,835,1067,865,1 354,515,403,557,1 524,449,555,477,1 559,468,590,500,1 586,484,626,519,1 542,604,577,634,1 615,646,647,676,1 676,668,713,704,1 702,634,732,669,1 731,657,770,694,1 717,693,746,723,1 779,714,799,739,1 800,727,820,753,1 616,556,642,577,1 642,569,663,595,1 667,586,694,612,1 503,484,526,499,1 527,497,552,516,1 554,509,578,533,1 579,523,604,550,1 
/home/liyuewen/data_zoom/5th/5th_resize_2_2_ppm/5th_Result_116_1_01_00.ppm 998,1287,1094,1353,5 
/home/liyuewen/data_zoom/5th/5th_resize_2_2_ppm/5th_Result_2_3_01_01.ppm 
/home/liyuewen/data_zoom/5th/5th_resize_2_2_ppm/5th_Result_160_0_00_00.ppm 1532,1871,1610,1925,1 1366,1947,1440,2011,1 1500,1967,1576,2029,1 1642,1447,1718,1507,1 1672,1367,1742,1427,1 1806,1413,1898,1491,1 
/home/liyuewen/data_zoom/5th/5th_resize_2_2_ppm/5th_Result_241_1_01_00.ppm 0,1579,52,1649,5 
/home/liyuewen/data_zoom/5th/5th_resize_2_2_ppm/5th_Result_129_1_01_00.ppm 357,427,397,465,1 
/home/liyuewen/data_zoom/5th/5th_resize_2_2_ppm/5th_Result_74_0_00_00.ppm 1214,1043,1308,1123,4 1408,979,1496,1071,4 1420,1095,1520,1181,4 1278,1119,1368,1191,4 1242,1255,1328,1339,4 1326,1245,1416,1339,4 1310,1417,1414,1517,4 1326,1525,1422,1609,4 
/home/liyuewen/data_zoom/5th/5th_resize_2_2_ppm/5th_Result_88_3_01_01.ppm 1654,543,1786,622,2 
/home/liyuewen/data_zoom/5th/5th_resize_2_2_ppm/5th_Result_188_2_00_01.ppm 488,1467,536,1625,2 783,334,838,458,2 850,328,914,456,2 116,1388,184,1431,2 10,1082,68,1125,2 
/home/liyuewen/data_zoom/5th/5th_resize_2_2_ppm/5th_Result_116_2_00_01.ppm 956,993,1022,1063,5 1108,1333,1160,1413,5 1532,1175,1582,1259,5 1260,1425,1310,1501,5 1222,1623,1268,1703,5 1546,1619,1590,1695,5 1604,1383,1654,1443,5 1360,1147,1400,1219,5 1742,699,1796,783,5 1152,627,1200,711,5 1552,861,1594,943,5 1382,939,1428,1025,5 1760,891,1810,967,5 1632,227,1668,309,5 1194,189,1232,245,5 1674,71,1718,159,5 862,389,908,481,5 1384,237,1422,313,5 1924,517,1972,593,5 
/home/liyuewen/data_zoom/5th/5th_resize_2_2_ppm/5th_Result_190_2_00_01.ppm 588,1639,722,1771,5 
/home/liyuewen/data_zoom/5th/5th_resize_2_2_ppm/5th_Result_224_0_00_00.ppm 178,1525,248,1623,5 
/home/liyuewen/data_zoom/5th/5th_resize_2_2_ppm/5th_Result_113_0_00_00.ppm 72,1253,216,1387,5 
/home/liyuewen/data_zoom/5th/5th_resize_2_2_ppm/5th_Result_73_3_01_01.ppm 70,199,188,459,4 
/home/liyuewen/data_zoom/5th/5th_resize_2_2_ppm/5th_Result_184_0_00_00.ppm 1600,933,1686,991,5 
/home/liyuewen/data_zoom/5th/5th_resize_2_2_ppm/5th_Result_126_1_01_00.ppm 1266,921,1300,979,5 1284,1089,1322,1151,5 
/home/liyuewen/data_zoom/5th/5th_resize_2_2_ppm/5th_Result_156_0_00_00.ppm 949,481,1152,505,3 892,290,1079,346,3 851,235,1040,265,3 180,131,386,239,3 
/home/liyuewen/data_zoom/5th/5th_resize_2_2_ppm/5th_Result_210_3_01_01.ppm 774,279,842,439,5 
/home/liyuewen/data_zoom/5th/5th_resize_2_2_ppm/5th_Result_34_0_00_00.ppm 1606,147,1722,267,4 1724,225,1936,383,4 1892,11,2018,187,4 1580,19,1706,155,4 
/home/liyuewen/data_zoom/5th/5th_resize_2_2_ppm/5th_Result_33_0_00_00.ppm 838,1687,1026,1829,3 
/home/liyuewen/data_zoom/5th/5th_resize_2_2_ppm/5th_Result_222_0_00_00.ppm 1804,1373,1898,1449,5 
/home/liyuewen/data_zoom/5th/5th_resize_2_2_ppm/5th_Result_238_0_00_00.ppm 1930,791,2047,898,5 
/home/liyuewen/data_zoom/5th/5th_resize_2_2_ppm/5th_Result_200_3_01_01.ppm 1762,1219,1862,1305,5 1228,1121,1272,1155,5 924,657,980,705,5 226,1129,284,1157,5 
/home/liyuewen/data_zoom/5th/5th_resize_2_2_ppm/5th_Result_3_1_01_00.ppm 
/home/liyuewen/data_zoom/5th/5th_resize_2_2_ppm/5th_Result_253_1_01_00.ppm 616,1835,780,2033,5 
/home/liyuewen/data_zoom/5th/5th_resize_2_2_ppm/5th_Result_139_2_00_01.ppm 1420,1599,1600,1749,5 
/home/liyuewen/data_zoom/5th/5th_resize_2_2_ppm/5th_Result_56_2_00_01.ppm 1852,1825,1980,1967,4 752,715,872,789,4 372,641,590,889,4 
/home/liyuewen/data_zoom/5th/5th_resize_2_2_ppm/5th_Result_163_3_01_01.ppm 354,1291,438,1333,5 
/home/liyuewen/data_zoom/5th/5th_resize_2_2_ppm/5th_Result_37_2_00_01.ppm 1144,1477,1276,1641,5 0,1672,67,1731,5 108,1892,250,1981,5 74,1852,221,1944,5 
/home/liyuewen/data_zoom/5th/5th_resize_2_2_ppm/5th_Result_161_3_01_01.ppm 1049,337,1558,385,2 1945,1911,1999,2017,2 
/home/liyuewen/data_zoom/5th/5th_resize_2_2_ppm/5th_Result_200_1_01_00.ppm 534,771,674,879,5 790,605,864,673,5 858,579,908,651,5 1564,1363,1638,1423,5 1616,1237,1670,1301,5 1642,995,1692,1051,5 1260,1177,1318,1219,5 1100,1009,1158,1055,5 940,951,984,985,5 896,743,952,803,5 1104,713,1180,763,5 572,617,638,683,5 634,537,690,617,5 394,349,446,415,5 476,173,514,223,5 
/home/liyuewen/data_zoom/5th/5th_resize_2_2_ppm/5th_Result_206_0_00_00.ppm 1850,917,1982,971,1 1652,1305,1784,1357,1 1892,1461,2044,1543,1 31,1807,81,1843,1 60,1838,109,1872,1 96,1868,147,1910,1 17,1904,56,1942,1 182,1703,222,1733,1 214,1733,249,1759,1 135,1740,160,1765,1 104,1765,129,1784,1 128,1784,151,1803,1 159,1765,181,1784,1 180,1786,203,1805,1 144,1805,170,1821,1 199,1805,222,1822,1 168,1822,191,1846,1 222,1825,242,1840,1 190,1844,212,1863,1 209,1859,231,1884,1 242,1842,266,1861,1 
/home/liyuewen/data_zoom/5th/5th_resize_2_2_ppm/5th_Result_234_2_00_01.ppm 1039,1489,1088,1585,5 1074,1479,1131,1581,5 577,838,732,964,5 649,1648,714,1823,5 714,1686,791,1858,5 
/home/liyuewen/data_zoom/5th/5th_resize_2_2_ppm/5th_Result_161_0_00_00.ppm 976,652,1001,702,2 932,664,967,714,2 1160,542,1206,578,2 1506,201,1573,261,2 1849,0,1944,47,2 
/home/liyuewen/data_zoom/5th/5th_resize_2_2_ppm/5th_Result_205_0_00_00.ppm 1286,1145,1452,1229,2 1194,1399,1346,1455,2 1506,725,1658,783,2 
/home/liyuewen/data_zoom/5th/5th_resize_2_2_ppm/5th_Result_86_1_01_00.ppm 50,537,302,1709,2 
/home/liyuewen/data_zoom/5th/5th_resize_2_2_ppm/5th_Result_52_0_00_00.ppm 1680,1847,1726,1925,3 1828,1879,1866,1951,3 876,1603,1062,1735,3 
/home/liyuewen/data_zoom/5th/5th_resize_2_2_ppm/5th_Result_84_2_00_01.ppm 1164,1243,1244,1669,2 1234,1229,1342,1689,2 
/home/liyuewen/data_zoom/5th/5th_resize_2_2_ppm/5th_Result_187_2_00_01.ppm 1333,1743,1419,1855,4 1375,1777,1482,1930,4 
/home/liyuewen/data_zoom/5th/5th_resize_2_2_ppm/5th_Result_107_0_00_00.ppm 1434,523,1572,663,5 1888,121,2002,243,5 
/home/liyuewen/data_zoom/5th/5th_resize_2_2_ppm/5th_Result_2_0_00_00.ppm 814,1051,844,1087,1 868,1067,912,1103,1 938,1075,974,1117,1 
/home/liyuewen/data_zoom/5th/5th_resize_2_2_ppm/5th_Result_85_1_01_00.ppm 1352,1199,1434,1635,5 1042,1469,1126,1517,5 640,833,728,921,5 
/home/liyuewen/data_zoom/5th/5th_resize_2_2_ppm/5th_Result_206_1_01_00.ppm 162,1133,294,1199,5 1078,1163,1186,1211,5 350,617,442,659,5 644,799,772,855,5 1870,1445,2002,1485,5 836,1727,934,1783,5 54,653,128,685,5 558,249,644,285,5 
/home/liyuewen/data_zoom/5th/5th_resize_2_2_ppm/5th_Result_111_0_00_00.ppm 498,47,1202,189,4 
/home/liyuewen/data_zoom/5th/5th_resize_2_2_ppm/5th_Result_187_0_00_00.ppm 654,215,714,407,2 
/home/liyuewen/data_zoom/5th/5th_resize_2_2_ppm/5th_Result_188_3_01_01.ppm 741,278,937,399,4 
/home/liyuewen/data_zoom/5th/5th_resize_2_2_ppm/5th_Result_97_1_01_00.ppm 1299,966,1373,1034,2 369,1817,429,1868,2 807,249,878,280,2 
/home/liyuewen/data_zoom/5th/5th_resize_2_2_ppm/5th_Result_23_3_01_01.ppm 380,925,426,981,5 466,1477,506,1545,5 572,1827,610,1881,5 
/home/liyuewen/data_zoom/5th/5th_resize_2_2_ppm/5th_Result_198_2_00_01.ppm 1670,1905,1709,1952,5 1286,1647,1321,1686,5 1441,1540,1488,1588,5 1369,1503,1413,1552,5 1269,1348,1319,1422,5 1187,1418,1237,1468,5 847,1277,904,1332,5 727,1195,771,1249,5 932,1265,974,1308,5 997,1122,1035,1177,5 952,1042,1011,1094,5 767,987,812,1027,5 855,935,910,987,5 801,899,845,946,5 759,912,795,950,5 711,830,754,872,5 537,958,591,1015,5 384,932,433,980,5 134,839,183,873,5 412,733,464,777,5 487,629,548,692,5 597,721,624,754,5 300,569,342,603,5 297,494,336,553,5 354,549,398,591,5 400,463,460,506,5 96,415,145,461,5 251,376,311,419,5 38,231,79,274,5 13,153,69,185,5 0,554,60,603,5 
/home/liyuewen/data_zoom/5th/5th_resize_2_2_ppm/5th_Result_157_0_00_00.ppm 1474,1233,1556,1381,5 1870,663,1930,797,5 550,1169,586,1251,5 730,1727,816,1787,5 840,195,928,231,5 
/home/liyuewen/data_zoom/5th/5th_resize_2_2_ppm/5th_Result_157_1_01_00.ppm 1212,261,1296,321,5 1436,1499,1576,1575,5 
/home/liyuewen/data_zoom/5th/5th_resize_2_2_ppm/5th_Result_88_1_01_00.ppm 1686,1769,1852,1852,2 
/home/liyuewen/data_zoom/5th/5th_resize_2_2_ppm/5th_Result_68_2_00_01.ppm 1497,867,1538,947,5 1902,819,1935,882,5 1754,681,1787,739,5 1665,471,1722,549,5 1787,1288,1835,1351,5 1764,1475,1809,1538,5 
/home/liyuewen/data_zoom/5th/5th_resize_2_2_ppm/5th_Result_67_0_00_00.ppm 1476,1191,1608,1361,3 
/home/liyuewen/data_zoom/5th/5th_resize_2_2_ppm/5th_Result_27_3_01_01.ppm 435,352,465,377,0 390,358,418,384,0 608,655,652,689,0 599,734,633,773,0 
/home/liyuewen/data_zoom/5th/5th_resize_2_2_ppm/5th_Result_187_1_01_00.ppm 510,448,597,511,4 
/home/liyuewen/data_zoom/5th/5th_resize_2_2_ppm/5th_Result_15_0_00_00.ppm 0,1806,274,1991,4 
/home/liyuewen/data_zoom/5th/5th_resize_2_2_ppm/5th_Result_39_0_00_00.ppm 1152,843,1250,897,4 1200,411,1266,703,4 662,123,964,171,4 1004,67,1214,147,4 706,273,800,605,4 
/home/liyuewen/data_zoom/5th/5th_resize_2_2_ppm/5th_Result_204_1_01_00.ppm 1522,673,1618,739,4 1088,855,1294,1051,4 1366,667,1586,893,4 
/home/liyuewen/data_zoom/5th/5th_resize_2_2_ppm/5th_Result_93_1_01_00.ppm 758,887,823,945,0 850,923,917,985,0 1110,1065,1147,1102,0 1127,1043,1163,1068,0 674,1684,707,1730,0 580,1671,613,1697,0 557,1701,597,1739,0 536,1741,570,1781,0 99,1745,139,1780,0 157,1743,190,1774,0 275,1742,313,1778,0 316,1743,350,1781,0 355,1743,391,1775,0 215,1801,256,1839,0 380,1870,423,1899,0 759,1716,796,1748,0 816,1620,856,1647,0 1588,1532,1651,1611,0 1647,1580,1697,1634,0 1695,1621,1750,1688,0 1788,1479,1844,1541,0 1833,1534,1882,1584,0 995,1740,1031,1773,0 1468,1843,1507,1873,0 1783,747,1808,772,0 1775,782,1800,807,0 1812,780,1838,806,0 1775,817,1804,844,0 1813,817,1841,845,0 1624,2013,1672,2045,0 1990,1317,2024,1356,0 2002,1276,2039,1314,0 
/home/liyuewen/data_zoom/5th/5th_resize_2_2_ppm/5th_Result_70_3_01_01.ppm 1689,682,1722,722,1 1740,669,1778,711,1 1726,713,1750,742,1 1531,462,1562,491,1 1564,484,1593,510,1 1598,504,1629,532,1 1553,622,1588,649,1 1575,590,1604,617,1 1628,660,1656,686,1 1371,532,1409,569,1 1093,332,1118,360,1 1122,348,1155,379,1 1073,361,1099,393,1 1107,383,1129,404,1 1989,859,2016,891,1 2014,829,2040,855,1 1682,602,1699,622,1 1650,586,1677,608,1 1626,573,1646,593,1 1591,542,1612,561,1 1512,497,1532,518,1 1536,508,1559,530,1 1561,522,1586,548,1 
/home/liyuewen/data_zoom/5th/5th_resize_2_2_ppm/5th_Result_9_3_01_01.ppm 904,403,1052,517,4 1028,343,1146,451,4 1106,281,1214,377,4 1172,227,1294,327,4 1246,161,1358,257,4 1310,95,1424,197,4 688,305,744,337,4 16,257,156,341,4 93,0,210,157,4 1796,553,1938,665,4 1874,499,1924,543,4 1582,17,1672,91,4 1468,41,1544,115,4 1958,327,2038,423,4 
/home/liyuewen/data_zoom/5th/5th_resize_2_2_ppm/5th_Result_106_1_01_00.ppm 481,1621,520,1655,1 495,1533,543,1576,1 490,1439,533,1470,1 489,1375,534,1404,1 493,1323,534,1363,1 489,1283,530,1313,1 571,1278,605,1313,1 569,1326,609,1354,1 567,1366,613,1399,1 563,1429,601,1469,1 563,1480,608,1513,1 563,1530,618,1571,1 635,1430,683,1461,1 729,1423,770,1459,1 730,1473,771,1503,1 643,1471,686,1504,1 872,1508,920,1554,1 739,1669,789,1715,1 1283,1462,1323,1495,1 1358,1459,1402,1499,1 1280,1503,1327,1545,1 1351,1507,1398,1542,1 1438,1450,1475,1497,1 1437,1496,1479,1535,1 1283,1579,1338,1622,1 1346,1577,1396,1621,1 1286,1636,1333,1680,1 1356,1635,1393,1674,1 806,1663,861,1711,1 741,1769,781,1809,1 843,1764,890,1810,1 847,1823,894,1855,1 819,1465,852,1498,1 853,1459,900,1495,1 823,1517,860,1551,1 735,1521,776,1555,1 788,1604,833,1643,1 888,1605,921,1640,1 885,1664,927,1703,1 1461,1580,1504,1615,1 1461,1621,1506,1657,1 
/home/liyuewen/data_zoom/5th/5th_resize_2_2_ppm/5th_Result_237_3_01_01.ppm 776,743,1044,923,0 332,741,392,777,0 1834,81,1882,131,0 
/home/liyuewen/data_zoom/5th/5th_resize_2_2_ppm/5th_Result_60_2_00_01.ppm 1552,417,1600,581,4 1571,202,1615,376,4 1448,253,1542,753,4 
/home/liyuewen/data_zoom/5th/5th_resize_2_2_ppm/5th_Result_89_2_00_01.ppm 2,865,72,961,2 890,1875,1092,2037,2 
/home/liyuewen/data_zoom/5th/5th_resize_2_2_ppm/5th_Result_32_3_01_01.ppm 6,991,1106,1673,5 762,639,1012,755,5 936,707,1114,913,5 1024,851,1146,979,5 1072,877,1177,985,5 1196,882,1326,1053,5 1368,933,1489,1105,5 1471,1130,1590,1274,5 1404,1050,1585,1296,5 1633,1163,1729,1293,5 1673,1233,1785,1380,5 1722,1263,1827,1388,5 1560,1120,1665,1284,5 
/home/liyuewen/data_zoom/5th/5th_resize_2_2_ppm/5th_Result_157_3_01_01.ppm 1178,115,1270,173,5 
/home/liyuewen/data_zoom/5th/5th_resize_2_2_ppm/5th_Result_238_1_01_00.ppm 1610,1541,1782,1699,5 
/home/liyuewen/data_zoom/5th/5th_resize_2_2_ppm/5th_Result_246_2_00_01.ppm 1826,993,1998,1131,5 
/home/liyuewen/data_zoom/5th/5th_resize_2_2_ppm/5th_Result_35_0_00_00.ppm 292,799,354,857,4 270,877,370,945,4 280,963,356,1025,4 276,1039,358,1107,4 376,783,452,859,4 382,875,460,941,4 376,961,460,1027,4 380,1033,462,1107,4 852,1417,928,1581,4 840,1145,1058,1291,4 840,1023,960,1127,4 794,845,912,945,4 1664,1831,1826,2047,4 768,1263,880,1349,4 1020,507,1102,589,4 1108,493,1260,575,4 1114,239,1422,507,4 1350,87,1590,309,4 1554,3,1774,151,4 1012,0,1313,217,4 1632,335,1754,405,4 
/home/liyuewen/data_zoom/5th/5th_resize_2_2_ppm/5th_Result_102_2_00_01.ppm 828,1283,870,1346,4 470,1315,529,1383,4 888,1242,952,1277,4 1059,1253,1101,1287,4 997,1979,1150,2047,4 
/home/liyuewen/data_zoom/5th/5th_resize_2_2_ppm/5th_Result_65_2_00_01.ppm 264,1440,458,1636,5 781,741,896,979,5 1105,0,1263,267,5 
/home/liyuewen/data_zoom/5th/5th_resize_2_2_ppm/5th_Result_111_3_01_01.ppm 1130,407,1218,459,5 1342,215,1418,263,5 1452,0,1532,31,5 
/home/liyuewen/data_zoom/5th/5th_resize_2_2_ppm/5th_Result_112_0_00_00.ppm 614,53,844,215,5 30,311,350,525,5 692,969,758,1019,5 
/home/liyuewen/data_zoom/5th/5th_resize_2_2_ppm/5th_Result_161_2_00_01.ppm 994,1011,1048,1061,1 1361,1100,1391,1123,1 1481,1166,1501,1187,1 1560,1167,1586,1192,1 1602,1197,1629,1219,1 1639,1220,1665,1241,1 1747,1311,1766,1328,1 1762,1297,1782,1315,1 1883,1375,1902,1392,1 1873,1388,1889,1402,1 1886,1397,1904,1412,1 1902,1385,1917,1400,1 1986,1478,2009,1496,1 2010,1538,2033,1556,1 2024,1522,2044,1540,1 1999,1595,2026,1620,1 2030,1621,2047,1642,1 
/home/liyuewen/data_zoom/5th/5th_resize_2_2_ppm/5th_Result_117_1_01_00.ppm 764,677,870,781,3 
/home/liyuewen/data_zoom/5th/5th_resize_2_2_ppm/5th_Result_199_3_01_01.ppm 1122,329,1244,463,5 160,77,304,209,5 1608,535,1696,617,5 414,613,468,669,5 1188,57,1266,131,5 1434,189,1500,237,5 
/home/liyuewen/data_zoom/5th/5th_resize_2_2_ppm/5th_Result_15_2_00_01.ppm 1374,1993,1652,2047,4 1712,1947,1898,2019,4 
/home/liyuewen/data_zoom/5th/5th_resize_2_2_ppm/5th_Result_7_3_01_01.ppm 198,1434,260,1504,1 118,1362,177,1399,1 310,1847,478,1967,1 783,1612,819,1647,1 813,1577,849,1613,1 754,1594,784,1617,1 782,1569,805,1589,1 797,1545,835,1570,1 
/home/liyuewen/data_zoom/5th/5th_resize_2_2_ppm/5th_Result_64_0_00_00.ppm 850,536,988,649,4 
/home/liyuewen/data_zoom/5th/5th_resize_2_2_ppm/5th_Result_206_2_00_01.ppm 122,391,268,553,5 1792,93,1950,181,5 1790,775,1914,827,5 1210,713,1292,761,5 1828,531,1936,593,5 
/home/liyuewen/data_zoom/5th/5th_resize_2_2_ppm/5th_Result_186_2_00_01.ppm 1348,705,1440,745,2 456,222,519,276,2 726,359,741,412,2 1158,1721,1295,1759,2 1517,121,1696,148,2 
/home/liyuewen/data_zoom/5th/5th_resize_2_2_ppm/5th_Result_14_0_00_00.ppm 1048,683,1210,751,4 794,653,1180,841,4 712,513,1080,677,4 658,447,864,531,4 
/home/liyuewen/data_zoom/5th/5th_resize_2_2_ppm/5th_Result_199_1_01_00.ppm 652,1617,738,1721,5 200,1235,296,1333,5 254,1179,340,1255,5 482,1199,522,1265,5 194,857,236,905,5 70,807,116,857,5 
/home/liyuewen/data_zoom/5th/5th_resize_2_2_ppm/5th_Result_7_2_00_01.ppm 743,56,1066,100,4 753,102,1092,215,4 759,303,1095,355,4 765,404,1094,492,4 750,490,1075,562,4 860,767,1075,953,4 1002,690,1137,794,4 1108,925,1235,993,4 993,1067,1034,1104,4 1574,1048,1739,1205,4 1798,1209,2039,1349,4 1743,1097,1888,1304,4 
/home/liyuewen/data_zoom/5th/5th_resize_2_2_ppm/5th_Result_234_3_01_01.ppm 48,709,888,1505,5 1104,863,1274,969,5 742,1723,982,1895,5 
/home/liyuewen/data_zoom/5th/5th_resize_2_2_ppm/5th_Result_112_3_01_01.ppm 1498,765,1628,1107,4 
/home/liyuewen/data_zoom/5th/5th_resize_2_2_ppm/5th_Result_123_0_00_00.ppm 1363,1772,1490,2026,4 1130,1795,1276,2018,4 
/home/liyuewen/data_zoom/5th/5th_resize_2_2_ppm/5th_Result_91_3_01_01.ppm 857,1320,931,1377,2 704,1810,775,1826,2 
/home/liyuewen/data_zoom/5th/5th_resize_2_2_ppm/5th_Result_247_1_01_00.ppm 174,435,320,569,5 
/home/liyuewen/data_zoom/5th/5th_resize_2_2_ppm/5th_Result_7_0_00_00.ppm 785,902,829,940,5 501,940,550,978,5 396,913,440,950,5 324,895,372,936,5 226,875,268,912,5 926,1575,1098,1633,5 891,1470,1081,1510,5 903,1536,1100,1566,5 188,1365,245,1428,5 890,1835,1082,1865,5 927,1588,1006,1609,5 
/home/liyuewen/data_zoom/5th/5th_resize_2_2_ppm/5th_Result_242_0_00_00.ppm 1830,1473,1938,1579,5 
/home/liyuewen/data_zoom/5th/5th_resize_2_2_ppm/5th_Result_115_0_00_00.ppm 1272,1003,1390,1183,3 
/home/liyuewen/data_zoom/5th/5th_resize_2_2_ppm/5th_Result_224_2_00_01.ppm 80,1301,146,1409,5 650,609,714,685,5 
/home/liyuewen/data_zoom/5th/5th_resize_2_2_ppm/5th_Result_107_2_00_01.ppm 746,671,816,891,4 810,237,858,415,4 688,285,768,799,4 
/home/liyuewen/data_zoom/5th/5th_resize_2_2_ppm/5th_Result_68_1_01_00.ppm 1460,1247,1560,1291,5 
/home/liyuewen/data_zoom/5th/5th_resize_2_2_ppm/5th_Result_56_0_00_00.ppm 406,236,503,308,1 536,232,618,303,1 408,61,496,141,1 528,58,611,128,1 320,860,353,887,1 322,894,346,919,1 324,929,352,954,1 329,983,354,1006,1 289,973,323,1004,1 259,968,282,990,1 162,603,197,641,1 296,486,330,520,1 197,410,228,440,1 183,367,210,399,1 257,596,284,616,1 296,530,320,553,1 151,651,179,667,1 119,627,144,650,1 129,599,151,621,1 218,840,246,870,1 184,848,217,881,1 155,860,183,891,1 126,873,156,901,1 386,1058,412,1077,1 580,813,605,835,1 583,838,608,861,1 
/home/liyuewen/data_zoom/5th/5th_resize_2_2_ppm/5th_Result_227_2_00_01.ppm 412,757,486,825,1 
/home/liyuewen/data_zoom/5th/5th_resize_2_2_ppm/5th_Result_120_2_00_01.ppm 284,997,364,1187,5 1970,821,2047,1012,5 298,425,346,499,5 
/home/liyuewen/data_zoom/5th/5th_resize_2_2_ppm/5th_Result_185_1_01_00.ppm 251,1468,315,1559,4 
/home/liyuewen/data_zoom/5th/5th_resize_2_2_ppm/5th_Result_159_1_01_00.ppm 1406,1653,1458,1725,2 1596,1217,1652,1265,2 1626,1291,1678,1333,2 1089,296,1153,331,2 
/home/liyuewen/data_zoom/5th/5th_resize_2_2_ppm/5th_Result_251_0_00_00.ppm 1116,941,1158,1057,5 
/home/liyuewen/data_zoom/5th/5th_resize_2_2_ppm/5th_Result_4_0_00_00.ppm 250,1519,450,1647,3 0,868,74,1023,3 
/home/liyuewen/data_zoom/5th/5th_resize_2_2_ppm/5th_Result_234_0_00_00.ppm 1286,1707,1498,1853,4 1172,1839,1330,1935,4 1370,1955,1521,2047,4 1065,1899,1129,1960,4 1017,1943,1094,1997,4 
/home/liyuewen/data_zoom/5th/5th_resize_2_2_ppm/5th_Result_10_1_01_00.ppm 254,609,330,783,2 322,619,376,763,2 384,613,430,753,2 420,611,480,753,2 472,609,524,743,2 518,597,570,745,2 562,599,618,735,2 606,589,672,721,2 662,579,724,705,2 718,585,768,695,2 764,571,816,703,2 814,563,890,713,2 910,545,1050,691,2 1038,531,1134,679,2 1122,521,1246,669,2 1238,531,1322,669,2 1312,527,1378,669,2 1378,523,1430,661,2 1434,523,1478,673,2 1482,523,1522,673,2 1524,535,1574,669,2 1564,519,1614,673,2 1606,525,1656,679,2 1660,517,1728,671,2 1594,415,1746,513,2 78,433,270,487,2 92,355,288,417,2 
/home/liyuewen/data_zoom/5th/5th_resize_2_2_ppm/5th_Result_198_1_01_00.ppm 1620,1116,1691,1149,5 
/home/liyuewen/data_zoom/5th/5th_resize_2_2_ppm/5th_Result_74_3_01_01.ppm 1450,611,1636,879,4 1006,655,1162,1019,4 802,725,876,979,4 
/home/liyuewen/data_zoom/5th/5th_resize_2_2_ppm/5th_Result_137_3_01_01.ppm 720,19,800,103,5 
/home/liyuewen/data_zoom/5th/5th_resize_2_2_ppm/5th_Result_32_1_01_00.ppm 1090,77,1194,267,3 
/home/liyuewen/data_zoom/5th/5th_resize_2_2_ppm/5th_Result_8_3_01_01.ppm 1796,1233,1825,1260,0 1776,1261,1803,1291,0 152,1707,214,1759,0 208,1535,262,1579,0 352,1631,416,1663,0 354,1593,424,1623,0 362,1557,428,1585,0 362,1509,426,1545,0 284,1487,330,1531,0 348,1679,400,1713,0 732,1095,828,1267,0 1284,1009,1330,1051,0 488,1591,534,1629,0 1872,1735,1928,1777,0 
/home/liyuewen/data_zoom/5th/5th_resize_2_2_ppm/5th_Result_225_1_01_00.ppm 340,1227,632,1283,5 973,0,1032,145,5 
/home/liyuewen/data_zoom/5th/5th_resize_2_2_ppm/5th_Result_13_3_01_01.ppm 578,1119,736,1289,3 
/home/liyuewen/data_zoom/5th/5th_resize_2_2_ppm/5th_Result_135_3_01_01.ppm 1314,1851,1456,1951,5 
/home/liyuewen/data_zoom/5th/5th_resize_2_2_ppm/5th_Result_115_1_01_00.ppm 1304,229,1432,331,4 
/home/liyuewen/data_zoom/5th/5th_resize_2_2_ppm/5th_Result_103_0_00_00.ppm 6,95,1352,579,2 
/home/liyuewen/data_zoom/5th/5th_resize_2_2_ppm/5th_Result_188_1_01_00.ppm 850,1465,1032,1549,2 
/home/liyuewen/data_zoom/5th/5th_resize_2_2_ppm/5th_Result_65_0_00_00.ppm 1208,969,1336,1105,5 1712,483,1814,547,5 1962,699,2034,775,5 
/home/liyuewen/data_zoom/5th/5th_resize_2_2_ppm/5th_Result_99_1_01_00.ppm 1270,1058,1308,1102,5 1948,1085,1976,1127,5 
/home/liyuewen/data_zoom/5th/5th_resize_2_2_ppm/5th_Result_15_1_01_00.ppm 622,855,906,927,4 610,711,898,777,4 826,629,1068,679,4 640,675,792,693,4 580,511,786,549,4 830,481,1038,523,4 828,425,998,459,4 772,269,982,309,4 620,145,770,171,4 672,281,766,315,4 926,905,1090,957,4 556,439,786,489,4 1044,1283,1164,1373,4 
/home/liyuewen/data_zoom/5th/5th_resize_2_2_ppm/5th_Result_6_2_00_01.ppm 1054,1667,1070,1690,2 1096,1656,1113,1683,2 1124,1654,1152,1677,2 1154,1647,1181,1671,2 1202,1636,1223,1656,2 1255,1625,1272,1644,2 
/home/liyuewen/data_zoom/5th/5th_resize_2_2_ppm/5th_Result_26_0_00_00.ppm 1456,1585,1640,1747,2 1666,1385,1854,1639,2 1828,1301,1948,1413,2 2006,1613,2047,1652,2 1488,499,2047,693,2 
/home/liyuewen/data_zoom/5th/5th_resize_2_2_ppm/5th_Result_194_0_00_00.ppm 168,1745,270,1793,5 616,1698,702,1723,5 776,1562,851,1629,5 
/home/liyuewen/data_zoom/5th/5th_resize_2_2_ppm/5th_Result_10_0_00_00.ppm 498,1429,624,1569,4 662,1497,846,1675,4 794,1425,940,1557,4 860,1335,1034,1473,4 1034,1421,1156,1535,4 114,1667,364,1871,4 194,1725,484,1995,4 514,1815,778,2035,4 790,1715,968,1881,4 974,1551,1172,1721,4 912,1637,1082,1783,4 1096,1489,1242,1633,4 1346,871,1570,1069,4 908,1049,1024,1139,4 912,953,1062,1049,4 944,857,1104,987,4 1092,801,1186,937,4 1206,809,1314,945,4 1492,1217,1586,1289,4 1414,1265,1532,1327,4 1370,1285,1498,1379,4 1304,1299,1464,1405,4 974,1155,1280,1343,4 
/home/liyuewen/data_zoom/5th/5th_resize_2_2_ppm/5th_Result_8_2_00_01.ppm 1964,1035,2047,1156,3 48,1049,222,1175,3 
/home/liyuewen/data_zoom/5th/5th_resize_2_2_ppm/5th_Result_223_3_01_01.ppm 2,1731,52,1939,5 
/home/liyuewen/data_zoom/5th/5th_resize_2_2_ppm/5th_Result_205_2_00_01.ppm 2,163,2032,439,2 
/home/liyuewen/data_zoom/5th/5th_resize_2_2_ppm/5th_Result_184_3_01_01.ppm 408,583,2038,1079,2 
/home/liyuewen/data_zoom/5th/5th_resize_2_2_ppm/5th_Result_202_3_01_01.ppm 1138,193,1335,353,4 1292,145,1433,258,4 
/home/liyuewen/data_zoom/5th/5th_resize_2_2_ppm/5th_Result_254_0_00_00.ppm 740,1279,836,1491,5 
/home/liyuewen/data_zoom/5th/5th_resize_2_2_ppm/5th_Result_192_2_00_01.ppm 1460,1161,1526,1245,5 
/home/liyuewen/data_zoom/5th/5th_resize_2_2_ppm/5th_Result_240_1_01_00.ppm 714,1333,892,1449,5 1524,287,1672,377,5 1110,707,1180,763,5 1844,1021,1942,1103,5 1816,1579,1992,1651,5 230,835,318,925,5 564,571,646,633,5 248,297,336,355,5 
/home/liyuewen/data_zoom/5th/5th_resize_2_2_ppm/5th_Result_71_3_01_01.ppm 574,113,674,279,5 304,811,408,989,5 
/home/liyuewen/data_zoom/5th/5th_resize_2_2_ppm/5th_Result_9_1_01_00.ppm 954,1149,2046,1535,5 1968,573,2047,634,5 1220,135,1398,271,5 416,223,496,281,5 278,163,356,235,5 1884,517,1954,567,5 1968,494,2047,527,5 
/home/liyuewen/data_zoom/5th/5th_resize_2_2_ppm/5th_Result_29_0_00_00.ppm 640,665,680,713,0 700,671,742,723,0 756,697,802,735,0 1979,1103,2013,1137,0 
/home/liyuewen/data_zoom/5th/5th_resize_2_2_ppm/5th_Result_8_1_01_00.ppm 230,889,308,954,2 388,894,419,925,2 474,873,539,908,2 
/home/liyuewen/data_zoom/5th/5th_resize_2_2_ppm/5th_Result_25_2_00_01.ppm 1428,1651,1658,1745,1 1672,1841,1786,1983,1 1724,1821,1874,1987,1 1172,983,1214,1033,1 1146,1023,1178,1053,1 1120,1002,1146,1027,1 1148,977,1169,998,1 
/home/liyuewen/data_zoom/5th/5th_resize_2_2_ppm/5th_Result_67_3_01_01.ppm 1930,1195,1990,1253,5 
/home/liyuewen/data_zoom/5th/5th_resize_2_2_ppm/5th_Result_71_0_00_00.ppm 1814,1295,1890,1409,5 1666,859,1718,927,5 1474,1201,1516,1251,5 484,129,642,309,5 
/home/liyuewen/data_zoom/5th/5th_resize_2_2_ppm/5th_Result_91_0_00_00.ppm 1460,15,1886,425,2 1634,185,2047,591,2 
/home/liyuewen/data_zoom/5th/5th_resize_2_2_ppm/5th_Result_107_1_01_00.ppm 962,927,1108,1333,4 
/home/liyuewen/data_zoom/5th/5th_resize_2_2_ppm/5th_Result_107_3_01_01.ppm 1693,1592,1807,1726,4 1770,1613,1889,1757,4 1879,1290,2043,1493,4 1692,1549,1895,1787,4 
/home/liyuewen/data_zoom/5th/5th_resize_2_2_ppm/5th_Result_186_3_01_01.ppm 0,198,186,405,3 172,325,362,479,3 
/home/liyuewen/data_zoom/5th/5th_resize_2_2_ppm/5th_Result_160_2_00_01.ppm 589,947,647,1188,1 1272,330,1374,410,1 1426,351,1531,448,1 1305,238,1395,303,1 1467,273,1539,332,1 1336,129,1408,194,1 1492,162,1569,225,1 1360,28,1434,94,1 1514,63,1595,125,1 
/home/liyuewen/data_zoom/5th/5th_resize_2_2_ppm/5th_Result_200_0_00_00.ppm 1516,281,1616,365,5 166,975,296,1069,5 412,1137,565,1246,5 671,1304,825,1407,5 889,1446,1030,1547,5 1148,1615,1326,1741,5 
/home/liyuewen/data_zoom/5th/5th_resize_2_2_ppm/5th_Result_35_2_00_01.ppm 1396,1067,1430,1147,4 910,715,1060,787,4 560,529,952,703,4 522,483,722,583,4 656,755,698,819,4 948,899,1034,937,4 
/home/liyuewen/data_zoom/5th/5th_resize_2_2_ppm/5th_Result_34_1_01_00.ppm 654,469,820,575,4 748,383,936,489,4 940,215,1098,381,4 1066,129,1198,249,4 1214,79,1306,179,4 1340,47,1454,163,4 1704,395,1806,473,4 1548,601,1678,725,4 
/home/liyuewen/data_zoom/5th/5th_resize_2_2_ppm/5th_Result_11_3_01_01.ppm 234,351,470,431,5 
/home/liyuewen/data_zoom/5th/5th_resize_2_2_ppm/5th_Result_9_0_00_00.ppm 1236,875,1364,1017,3 
/home/liyuewen/data_zoom/5th/5th_resize_2_2_ppm/5th_Result_124_3_01_01.ppm 544,511,652,635,4 
/home/liyuewen/data_zoom/5th/5th_resize_2_2_ppm/5th_Result_33_2_00_01.ppm 960,1169,1214,1305,4 1238,1235,1416,1425,4 796,1239,962,1407,4 780,1425,864,1491,4 818,1515,1004,1641,4 1028,1629,1274,1815,4 1170,1623,1382,1785,4 1366,1603,1494,1679,4 316,1801,670,2045,4 656,1681,844,1929,4 876,1749,980,1829,4 896,1793,1012,1915,4 952,1847,1050,1951,4 830,1953,1008,2047,4 
/home/liyuewen/data_zoom/5th/5th_resize_2_2_ppm/5th_Result_186_0_00_00.ppm 1828,730,1899,797,2 1410,1702,1506,1732,2 1340,1470,1409,1499,2 1401,0,1555,141,2 
/home/liyuewen/data_zoom/5th/5th_resize_2_2_ppm/5th_Result_199_0_00_00.ppm 1368,499,1464,619,5 1346,275,1410,343,5 1650,413,1702,455,5 1666,345,1708,399,5 1602,331,1638,379,5 1852,651,1910,719,5 1896,631,1932,693,5 1946,647,1990,695,5 1850,475,1896,525,5 590,1355,668,1417,5 1676,1747,1770,1817,5 288,1153,348,1211,5 
/home/liyuewen/data_zoom/5th/5th_resize_2_2_ppm/5th_Result_199_2_00_01.ppm 1054,583,1620,1041,4 451,76,854,456,4 
/home/liyuewen/data_zoom/5th/5th_resize_2_2_ppm/5th_Result_60_0_00_00.ppm 751,1903,798,1945,1 801,1898,851,1937,1 795,1943,847,1986,1 713,2006,769,2040,1 808,2007,846,2040,1 
/home/liyuewen/data_zoom/5th/5th_resize_2_2_ppm/5th_Result_49_3_01_01.ppm 536,929,654,1097,2 258,1655,326,1701,2 
